17 -17 1
-4 -6 1
4 -10 1
26 23 1
37 -8 1
19 -30 1
-22 -12 1
-3 -32 1
-14 3 1
-26 -14 1
22 -21 1
-21 -20 1
24 12 1
-4 9 1
-13 -8 1
9 -29 1
14 -31 1
33 16 1
-27 -8 1
11 -38 1
-26 27 1
-6 20 1
40 -14 1
4 -30 1
16 -6 1
12 16 1
23 26 1
18 -17 1
-15 -31 1
-22 0 1
22 -23 1
-23 -21 1
3 29 1
-18 -10 1
30 -5 1
-22 26 1
30 3 1
24 8 1
15 9 1
29 26 1
0 -33 1
19 -34 1
16 13 1
11 18 1
13 -16 1
-29 -19 1
10 -6 1
13 -10 1
-21 7 1
39 28 1
1 -29 1
4 28 1
3 -11 1
-16 -15 1
9 -32 1
-23 24 1
28 -18 1
38 7 1
-13 -5 1
35 -21 1
12 -40 1
35 -20 1
19 11 1
-14 15 1
11 30 1
16 -6 1
22 13 1
-28 -36 1
31 0 1
-24 -2 1
-27 -19 1
-10 -33 1
40 26 1
-24 23 1
8 12 1
0 -27 1
-23 -8 1
8 -24 1
-26 20 1
9 -40 1
20 -4 1
2 -7 1
28 20 1
16 -27 1
-23 -3 1
9 11 1
5 -3 1
36 6 1
8 11 1
35 26 1
37 20 1
-6 -10 1
-21 16 1
29 12 1
1 -23 1
14 -25 1
34 24 1
7 21 1
30 26 1
29 11 1
